L12,orderby,8.044644832611084,90,10,9.000057644314236,0.09591844346788195
